-2.0
-3.0
-6.0
1.1609303247507912
1.2752780856148127
1.38220642529037
1.4806147800876648
1.5695006592155551
1.6479711913405013
1.715253408428567
1.770703148409869
1.813812474114794
1.8442155230225232
1.8616927204380262
1.866173307565529
1.857736155357324
1.8366088547631452
1.8031650938596067
1.7579203520728457
1.7015259610930582
1.6347616008938641
1.558526317295629
1.4738281645423439
1.3817725922002881
1.283549710150963
1.1804205783741557
1.073702679450503
0.9647547411272958
0.8549610837779209
0.7457156730581529
0.6384060614583789
0.5343974037306363
0.43501673031840393
0.3415376599450931
0.25516572745850596
0.17702449594129754
0.10814261306347317
0.04944196077610419
0.0017270348511579936
-0.034324323394399725
-0.05816873642800502
-0.06940355092793249
-0.06777147719228105
-0.053163554088664355
-0.02562040539104693
0.014668226968158837
0.06736566735422911
0.13199218343153885
0.20793051105068772
0.2944329633796152
0.3906300423879223
0.4955404534878477
0.6080824079722459
0.7270860830556664
0.8513070959900504
0.9794408370453771
1.110137496252198
1.2420176108115275
1.3736879540798874
1.5037575831027166
1.630853859842973
1.753638261554818
1.8708217981810698
1.9811798591798901
2.083566318758634
2.1769267370352257
2.2603105050615895
2.3328817938093733
2.3939291809955225
2.4428738448553142
2.479276230477983
2.502841111914745
2.513420991748303
2.511017798963853
2.495782865563658
2.4680151821945797
2.4281579528821835
2.3767934885577895
2.3146364982004632
2.242525854873961
2.1614149315065165
2.0723606177365705
1.9765111443405692
1.8750928554944384
1.7693960812404343
1.6607602728958628
1.550558572630388
1.4401819949565515
1.3310234023485414
1.224461459575643
1.1218447515820937
1.024476247861053
0.933598292279164
0.8503782912554627
0.7758952651539222
0.7111274178055412
0.656940867347912
0.6140796681928704
0.5831572390602002
0.564649295818771
0.5588883705424026
0.5660599799160453
0.5862004871287907
0.6191966818827928
0.664787083356037
0.7225649511099976
0.7919829692592605
0.8723595499456723
0.962886683506701
1.0626392449111173
1.1705856492602276
1.2855997336128924
1.4064737282663917
1.5319321680756275
1.6606465835648292
1.7912508026033178
1.9223566863838302
2.05257011843908
2.1805070625174365
2.304809504345488
2.4241610936426925
2.537302306206175
2.6430449514121195
2.7402858580203753
2.8280195806341055
2.905349980447531
2.9715005468819475
3.025823341214059
3.067806459174103
3.097079926551315
3.1134199598947108
3.1167515432297206
3.1071492911092395
3.084836588057535
3.050183014319842
3.0037000875707207
2.9460353696328676
2.8779650060916935
2.800384784742624
2.7142998158697584
2.6208129532298376
2.521112089121369
2.4164564698882947
2.308162189491344
2.1975870282480603
2.0861148113856034
1.9751394675817862
1.866048971125583
1.760209352669015
1.6589489627522225
1.5635431693717
1.4751996658620432
1.3950445583311892
1.3241093929093313
1.2633192722460942
1.213482198143081
1.175279763085234
1.149259297896118
1.1358275659691448
1.1352460767115056
1.147628072185739
1.172937221660141
1.2109880391056034
1.2614480188297355
1.323841464647664
1.397554968480923
1.4818444752759308
1.5758438528605194
1.6785748680214896
1.788958453887794
1.9058271388291668
2.027938493700524
2.1539894425319335
2.2826312718179373
2.4124851655126442
2.542158086781454
2.6702588235659634
2.795414013131489
2.916283961008897
3.031578072110763
3.1400697162692333
3.240610356958
3.3321427804482395
3.4137132730104858
3.484482605892061
3.5437357015330235
3.5908898696744824
3.625501518486744
3.647271263411151
3.656047374866322
3.651827525104358
3.6347588140947873
3.60513607413811
3.5633984727382786
3.51012445286597
3.4460250688962812
3.3719357949848834
3.2888069002427374
3.1976925015787736
3.0997384203119123
2.996168982433385
2.8882729145684185
2.7773884981032038
2.6648881524882424
2.552162625304522
2.440604971208833
2.331594504306344
2.226480908804656
2.1265686909803883
2.033102151557648
1.9472510516030446
1.8700971370533217
1.8026216771009267
1.7456941599840774
1.7000622763957365
1.6663433058935946
1.645017005531865
1.636420082631515
1.6407423153576188
1.6580243657913212
1.6881573106878618
1.730883895325911
1.785801496005016
1.8523667570658433
1.92990184901894
2.0176022756939718
2.114546140478161
2.2197047649051265
2.331954537277573
2.450089854838378
2.572837010407845
2.6988688635255924
2.826820127098743
2.9553030934679114
3.0829236187408897
3.2082971812689163
3.3300648292862514
3.4469088340106406
3.557567867895041
3.660851533190754
3.7556540734660095
3.84096711013567
3.9158912572886293
3.979646481020575
4.031581083941944
4.0711792113675696
4.098066792723505
4.11201584973137
4.112947121743789
4.100930977989447
4.076186606219519
4.039079487101541
3.9901171834534503
3.9299434928220336
3.8593310307628323
3.7791723302554594
3.690469559781083
3.594322978500557
3.4919182615192046
3.38451284123983
3.2734214221392373
3.160000835825091
3.0456344108292304
2.931716037183334
2.8196341093387733
2.710755532393762
2.6064099758616543
2.507874556362905
2.4163591256822876
2.33299233365969
2.2588086264575447
2.194736329973116
2.1415869556640317
2.1000458519743743
2.0706643090484778
2.053853207679049
2.0498782856480173
2.0588570759876346
2.080757552430299
2.115398497650312
2.162451590055764
2.221445185092579
2.291769747503521
2.372684871967402
2.463327811247058
2.5627234136095174
2.6697953550481834
2.7833785369219477
2.9022325062016274
3.0250557437344763
3.150500655938862
3.277189097238287
3.4037282444302206
3.52872664013131
3.650810220492943
3.768638142562239
3.8809182289715176
3.986421852047359
4.083998085887621
4.172586963387306
4.251231685504131
4.319089642124254
4.375442117577446
4.419702569003079
4.451423382207552
4.4703010271917325
4.476179553961403
4.469052388352117
4.449062407182181
4.416500291868061
4.371801179467131
4.315539649724693
4.248423105869994
4.1712836254086
4.085068374782565
3.9908286983129466
3.8897080071103245
3.782928607462052
3.6717776204214534
3.5575921547927187
3.441743904305245
3.325623346404206
3.210623724673153
3.098124999396611
2.9894779511378275
2.88598862044425
2.7889032629212
2.6993939929778534
2.6185452816167283
2.5473414637998815
2.4866553992958194
2.437238417623992
2.39971166292201
2.3745589384349657
2.362121133051959
2.362592294091041
2.3760173915706355
2.4022917997209894
2.4411625017081917
2.4922310036934214
2.554957924660091
2.628669209138222
2.7125638912609986
2.8057233207186307
2.9071217443348063
3.015638121375419
3.1300690364879604
3.2491425615260683
3.371532906583408
3.4958756914702835
3.620783661719239
3.744862668085315
3.8667277254716383
3.9850189662958786
4.098417304529076
4.205659629971334
4.305553357739899
4.396990165372571
4.478958759307466
4.5505565236807115
4.610999917258348
4.659633498739236
4.695937476465538
4.719533695574863
4.730189993627554
4.727822874536152
4.712498469995771
4.684431777340628
4.643984182605861
4.591659297326824
4.528097157032129
4.454066848258588
4.370457649018284
4.27826878477154
4.17859791790781
4.072628503325378
3.961616155762137
3.8468741859135718
3.7297584719489523
3.611651840692146
3.493948138381851
3.378036174501891
3.2652837236340186
3.1570217696176357
3.054529173509568
2.9590179419551177
2.871619265665568
2.793370488826404
2.7252031595368216
2.667932298928805
2.6222470125759045
2.588702552339749
2.5677139200947945
2.5595510870105755
2.5643358834610748
2.5820405953866477
2.6124882832771528
2.655354820101899
2.71017262471128
2.776336047704667
2.853108347724242
2.9396301778140614
3.0349294840892034
3.1379327026912205
3.247477126050949
3.362324296010574
3.481174269528166
3.6026805926365397
3.725465810169999
3.8481373326008246
3.9693034772137232
4.087589498838472
4.2016534254810685
4.310201516441064
4.412003164851641
4.505905072978445
4.59084453699047
4.66586168817446
4.730110549585
4.782868780767579
4.823545998304268
4.851690576336749
4.866994848730785
4.8692986529579105
4.858591174871967
4.835011073130355
4.798844881826761
4.750523709735595
4.690618274189908
4.619832326798006
4.538994546728617
4.449048994946713
4.35104423935856
4.246121276134548
4.13550038634539
4.020467079311314
3.9023572845842796
3.78254196313834
3.662411315033276
3.5433587654650895
3.426764913669734
3.313981629574097
3.2063164813867377
3.105017673508366
3.011259668263857
2.9261296570805877
2.8506150369528465
2.7855920364522415
2.7318156223022987
2.6899108027843313
2.660365428151599
2.6435245709845163
2.6395865512201224
2.6486006516439367
2.670466550159677
2.7049354753765624
2.7516130722029057
2.8099639444368947
2.8793178220280353
2.958877281967949
3.0477269338727444
3.1448439644473956
3.249109919369344
3.3593235868745506
3.474214834638781
3.592459240565636
3.712693348947738
3.833530376263925
3.9535761856957494
4.071445346351113
4.18577709220737
4.295250996941146
4.398602184084863
4.494635897302763
4.582241262949882
4.660404086381608
4.728218534611975
4.784897570746868
4.829782019996846
4.862348162837339
4.882213767849778
4.8891424947507485
4.8830466168902715
4.863988031858435
4.832177548559127
4.787972458963116
4.731872422511713
4.664513710578984
4.586661877291128
4.499202941128584
4.4031331788909345
4.2995476495888365
4.189627580457604
4.074626760394058
3.9558570975520775
3.8346735074604568
3.7124583057382217
3.5906052851893455
3.4705036606945168
3.3535220668402093
3.2409927926180715
3.1341964347967717
3.0343471467455436
2.9425786526297806
2.859931188082635
2.78733951778422
2.7256221679752084
2.6754719979366097
2.6374482190437236
2.611969953327655
2.599311405743961
2.5995987057595267
2.612808454639778
2.6387679951701575
2.6771574007049157
2.7275131606311787
2.789233519795017
2.861585410384172
2.943712896418364
3.0346470335742044
3.1333170307684473
3.2385625849281743
3.3491472468623473
3.463772664272035
3.581093537832582
3.6997331180670203
3.8182990645007995
3.93539948441458
4.04965896644297
4.159734424326737
4.264330568312595
4.362214825983925
4.452231540647964
4.533315283726757
4.604503127805026
4.664945738960604
4.713917160603666
4.750823176123711
4.775208154014196
4.78676029662507
4.785315232082295
4.770857907998722
4.743522765162395
4.703592189201634
4.651493258062223
4.587792822762936
4.513190978094608
4.42851299847442
4.33469983184719
4.232797261135263
4.123943858087414
4.009357868287625
3.8903231783965695
3.7681745272705744
3.6442821313127802
3.520035901158471
3.3968294315042438
3.2760439485038666
3.1590323996422405
3.047103869357891
2.9415084999320684
2.843423091342128
2.753937545955991
2.6740423142126826
2.604616985903293
2.5464201584706263
2.500080699035628
2.4660905008041167
2.4447988172935533
2.4364082396444675
2.4409723633542404
2.4583951713104186
2.488432140230443
2.5306930577625733
2.5846465177975944
2.6496260422092575
2.724837758506605
2.809369544958468
2.90220153784649
3.002217879812641
3.10821957397078
3.2189382957143846
3.333051003120951
3.4491951776542886
3.565984519605429
3.68202491747492
3.795930507343501
3.906339637241575
4.0119305526224185
4.111436622256507
4.203660929158275
4.287490058471069
4.361906923486181
4.426002482051706
4.4789862084088305
4.5201951998293
4.549101813153836
4.5653197432654675
4.5686084734791335
4.5588760465831575
4.536180124612619
4.5007273251470306
4.452870841777514
4.393106376153616
4.322066428468841
4.240513012153446
4.1493288766946845
4.049507339689582
3.9421408452560494
3.8284083805990545
3.709561895681574
3.5869118824337334
3.461812279614573
3.335644877208709
3.209803400005497
3.0856774537034
2.9646365184658894
2.8480141743089735
2.737092740029581
2.6330885026203887
2.537137707315229
2.450283469646997
2.373463760279296
2.3075006010159695
2.2530905964406363
2.210796910253183
2.1810427787287434
2.164106636018173
2.160118907442177
2.1690605077175147
2.1907630614142857
2.224910843104892
2.2710444148558437
2.3285659191617634
2.39674596635183
2.474732037131809
2.561558303471955
2.6561567547131126
2.757369500728074
2.8639621104168924
2.9746378318888356
3.088052530526984
3.202830172862529
3.31757867789858
3.4309059532902113
3.5414359316584894
3.6478244223146943
3.7487745957968444
3.8430519228507043
3.929498395771785
4.007045868290958
4.074728360340382
4.13169318595992
4.177210776160408
4.210683083593311
4.231650472212557
4.239797012565732
4.234954121717691
4.217102505877947
4.186372383354459
4.143041985265639
4.087534351280966
4.02041245730043
3.9423727311975747
3.8542370313188243
3.756943180139722
3.651534162121781
3.5391461102008113
3.4209952192917665
3.298363737554678
3.1725851967895555
3.045029052093088
2.9170849077142686
2.790146510813054
2.665595697499338
2.544786476079728
2.42902943085865
2.31957662614784
2.2176071843767335
2.1242137044307983
2.040389676666229
1.967018039568955
1.9048610098748158
1.8545513032987107
1.8165848470021806
1.7913150677451433
1.7789488215171063
1.7795440115349335
1.7930089220455872
1.8191032756079006
1.857441001674409
1.9074946845816196
1.9686016397119759
2.0399715478354588
2.1206955596900956
2.209756765924901
2.3060419118007367
2.4083542217063147
2.515427185762602
2.625939149706058
2.738528539988493
2.8518095487142125
2.9643880977377806
3.074877898030486
3.1819164193261735
3.2841805860901854
3.3804020190080983
3.4693816464261253
3.5500035174322484
3.621247657463958
3.6822018183575977
3.7320719874891397
3.770191534950615
3.7960288933950044
3.809193682084526
3.8094412045988877
3.7966752683939333
3.7709492937318236
3.732465699208949
3.681573570959674
3.6187646423845994
3.5446676307132945
3.4600409956390785
3.365764203440009
3.262827597215476
3.152320989924069
3.035421111620839
2.913378055490417
2.7875008788053357
2.659142524673845
2.5296842382649816
2.4005196570218224
2.2730387581296356
2.148611848149526
2.0285737792424436
1.9142085737987373
1.8067346345835578
1.707290710763802
1.6169227814756026
1.5365720080217122
1.4670638934785676
1.4090987745847976
1.3632437554359202
1.3299261759018066
1.309428690004958
1.301886010952163
1.3072833603138463
1.3254566392152027
1.3560943195670716
1.398741033551353
1.4528028200132184
1.51755396732641
1.592145373908063
1.6756143300772528
1.766895608579131
1.864833736021867
1.9681963038702754
2.0756881656655017
2.1859663569317207
2.2976555659056523
2.4093639768801047
2.5196993036606163
2.627284828443892
2.7307752613647165
2.828872238023717
2.9203392764781384
3.004016021404657
3.078831611354384
3.1438170151210496
3.198116195118628
3.240995969176387
3.2718544571521506
3.2902280150664964
3.2957965768829123
3.288387342401287
3.267976768783592
3.234690842771138
3.1888036304576843
3.1307341213237136
3.0610414028857713
2.980418221544488
2.8896830038046097
2.7897704297753934
2.681720667536011
2.5666673923765995
2.445824728922448
2.320473266556124
2.1919453092275885
2.0616095295610863
1.9308552040295408
1.8010762107933442
1.673654974533925
1.549946543223001
1.4312629802491208
1.318858251689979
1.213913782815438
1.1175248501976038
1.0306879661784318
0.9542894010144007
0.8890949749129979
0.8357412375474598
0.7947281366537524
0.7664132601611258
0.7510077181815797
0.7485737122940417
0.7590238201229382
0.7821220034521159
0.8174863282615945
0.8645933653546991
0.9227842208843055
0.9912721273120289
1.0691515073592055
1.155408406541091
1.248932174111029
1.3485282578603535
1.4529319653895296
1.5608230333331816
1.6708408367143757
1.78160006323017
1.891706671914886
1.9997739523513667
2.1044384994426597
2.204375919729259
2.2983160883289355
2.3850577807530886
2.4634825110543335
2.532567416902055
2.5913970431615523
2.6391738882406295
2.6752275917189747
2.6990226574272116
2.7101646230127234
2.7084046049242607
2.693642166461289
2.6659264758506644
2.6254557410106436
2.5725749275132377
2.5077717860318667
2.4316712350346075
2.3450281634293426
2.248718736067755
2.14373030226107
2.0311500235523416
1.9121523517429517
1.7879855014154287
1.6599570727768398
1.5294189904345372
1.3977519315962739
1.2663494230676717
1.1366017902352037
1.0098801429282336
0.887520582628442
0.7708088129452264
0.6609653306308605
0.5591313677214154
0.46635574673725055
0.3835828003595484
0.3116414947372388
0.25123588171394884
0.20293698995689557
0.16717624839452427
0.14424051771892965
0.1342687871857895
0.1372505747615802
0.15302604904700545
0.18128787157215043
0.22158473824174296
0.2733265791363132
0.33579135677213157
0.4081333845100764
0.48939306929293014
0.5785079664833729
0.6743250194609007
0.7756138429886666
0.881080897337509
0.9893843898942306
1.099149732600786
1.208985377168833
1.317498845661872
1.4233127717872371
1.5250807681167982
1.6215029364599305
1.7113408427233816
1.7934317837611835
1.866702181873079
1.930179952658985
1.9830057037630389
2.024442635507511
2.053885029370327
2.070865226526561
2.0750590160672697
2.0662893708283008
2.044528487795643
2.0098981095836628
1.9626681232831134
1.9032534528188578
1.8322092806145815
1.7502246536066446
1.6581145472599035
1.5568104790010582
1.4473497791942562
1.3308636432475516
1.2085641024794045
1.0817300638290104
0.9516925792203206
0.8198195142636605
0.6874997928976124
0.5561273994585321
0.4270853224597894
0.30172962503377987
0.18137382553076398
0.06727376819624475
-0.03938684179706009
-0.13751007233935275
-0.2260964103444666
-0.30425627401118305
-0.37122025877435527
-0.4263479989214989
-0.46913554279715686
-0.4992211566393078
-0.5163894901927767
-0.520574056115604
-0.5118579946178512
-0.49047311452485176
-0.4567972218110776
-0.4113497663774487
-0.3547858572173638
-0.28788871491139245
-0.21156064839097877
-0.12681265991093116
-0.034752797971997484
0.06342660764271968
0.16646268167637557
0.2730365518279161
0.38178854221787206
0.4913338368750492
0.6002784328149247
0.7072351989448031
0.8108398558112475
0.9097666921176193
1.002743836971665
1.0885679119403318
1.1661178941334236
1.2343680306259506
1.2923996554563537
1.339411773079576
1.3747302863631445
1.3978157628278427
1.4082696496730067
1.4058388659949055
1.3904187192999014
1.362054112716823
1.3209390290025298
1.2674142972844287
1.201963668265102
1.1252082430990409
1.0378993201159277
0.9409097417897534
0.8352238416287445
0.7219261067891038
0.602188687008953
0.4772578937481938
0.3484398450522675
0.2170854214979922
0.08457470651526566
-0.04769890968156834
-0.17834477944444388
-0.305991015450421
-0.42930029235821054
-0.5469852503416771
-0.6578233230655646
-0.7606708192982617
-0.854476095954235
-0.9382916708246434
-1.0112851354681314
-1.072748742555273
-1.1221075572291446
-1.1589260785855098
-1.182913254999288
-1.193925835525179
-1.1919700187673952
-1.1772013802249417
-1.1499230789494548
-1.1105823641732122
-1.0597654221479151
-0.9981906225540228
-0.9267002422758368
-0.846250761877196
-0.7579018465535836
-0.6628041384900811
-0.5621860012464395
-0.4573393688619868
-0.3496048626857887
-0.2403563473731066
-0.13098510394905852
-0.022883802251449342
0.08256954262390914
0.1840274450681807
0.28018847203210495
0.36981223561411425
0.45173368246294265
0.5248765153937696
0.5882655926126606
0.6410381617215573
0.6824537990981974
0.7119029401580754
0.728913902237576
0.7331583192010154
0.7244549251696756
0.7027716437877386
0.6682259589586367
0.6210835627812232
0.5617552962603791
0.49079241803219326
0.4088802556038625
0.3168303122402707
0.2155709204187093
0.10613654951567186
-0.010344109108481714
-0.1326611423780404
-0.2595373513720299
-0.3896429622672476
-0.5216109428976035
-0.6540527484964833
-0.7855743152455075
-0.9147921173985067
-1.0403491030168306
-1.1609303247507827
-1.2752780856148003
-1.3822064252903679
-1.4806147800876586
-1.5695006592155458
-1.6479711913404982
-1.7152534084285636
-1.770703148409864
-1.8138124741147923
-1.8442155230225206
-1.8616927204380262
-1.8661733075655282
-1.8577361553573248
-1.8366088547631498
-1.8031650938596075
-1.757920352072849
-1.7015259610930649
-1.6347616008938661
-1.5585263172956345
-1.4738281645423539
-1.3817725922002886
-1.28354971015097
-1.1804205783741675
-1.0737026794505042
-0.9647547411273039
-0.8549610837779333
-0.7457156730581542
-0.6384060614583847
-0.5343974037306481
-0.43501673031840504
-0.3415376599450982
-0.2551657274585142
-0.17702449594129854
-0.10814261306347683
-0.04944196077610996
-0.0017270348511588818
0.03432432339439795
0.0581687364280028
0.06940355092793338
0.06777147719228105
0.05316355408866613
0.025620405391048484
-0.014668226968155507
-0.06736566735422445
-0.13199218343153785
-0.20793051105068294
-0.29443296337960745
-0.39063004238792143
-0.49554045348784137
-0.6080824079722346
-0.7270860830556654
-0.8513070959900444
-0.9794408370453643
-1.11013749625218
-1.2420176108115215
-1.3736879540798763
-1.5037575831026992
-1.6308538598429676
-1.7536382615548083
-1.8708217981810544
-1.9811798591798846
-2.083566318758626
-2.176926737035215
-2.260310505061585
-2.332881793809369
-2.3939291809955163
-2.4428738448553124
-2.47927623047798
-2.502841111914744
-2.513420991748303
-2.511017798963854
-2.495782865563661
-2.4680151821945815
-2.428157952882188
-2.376793488557798
-2.3146364982004664
-2.242525854873969
-2.1614149315065276
-2.0723606177365737
-1.9765111443405787
-1.8750928554944521
-1.7693960812404383
-1.6607602728958724
-1.550558572630403
-1.4401819949565557
-1.3310234023485492
-1.2244614595756573
-1.1218447515820982
-1.02447624786106
-0.9335982922791749
-0.8503782912554663
-0.7758952651539278
-0.7111274178055489
-0.6569408673479133
-0.6140796681928735
-0.583157239060204
-0.5646492958187712
-0.5588883705424035
-0.5660599799160451
-0.5862004871287894
-0.6191966818827894
-0.6647870833560319
-0.7225649511099963
-0.7919829692592549
-0.8723595499456618
-0.962886683506699
-1.06263924491111
-1.170585649260214
-1.28559973361289
-1.4064737282663833
-1.5319321680756144
-1.6606465835648252
-1.7912508026033087
-1.922356686383817
-2.0525701184390766
-2.180507062517427
-2.3048095043454757
-2.42416109364269
-2.5373023062061666
-2.64304495141211
-2.740285858020373
-2.8280195806341
-2.905349980447523
-2.9715005468819458
-3.025823341214057
-3.0678064591740997
-3.097079926551314
-3.1134199598947108
-3.1167515432297215
-3.1071492911092395
-3.0848365880575375
-3.050183014319847
-3.003700087570721
-2.9460353696328707
-2.877965006091702
-2.8003847847426244
-2.714299815869763
-2.620812953229848
-2.5211120891213694
-2.4164564698883
-2.3081621894913558
-2.1975870282480616
-2.0861148113856105
-1.9751394675817984
-1.8660489711255828
-1.7602093526690232
-1.6589489627522336
-1.5635431693716997
-1.475199665862049
-1.3950445583311955
-1.3241093929093315
-1.2633192722460964
-1.2134821981430872
-1.1752797630852339
-1.1492592978961191
-1.1358275659691461
-1.135246076711506
-1.1476280721857386
-1.1729372216601375
-1.210988039105598
-1.2614480188297341
-1.323841464647657
-1.3975549684809128
-1.4818444752759286
-1.5758438528605092
-1.6785748680214763
-1.7889584538877747
-1.9058271388291437
-2.0279384937004923
-2.1539894425319277
-2.282631271817928
-2.412485165512628
-2.5421580867814337
-2.6702588235659697
-2.795414013131489
-2.9162839610088924
-3.0315780721107553
-3.140069716269218
-3.2406103569579847
-3.332142780448244
-3.4137132730104844
-3.4844826058920577
-3.543735701533021
-3.5908898696744775
-3.625501518486741
-3.647271263411152
-3.656047374866322
-3.6518275251043586
-3.6347588140947886
-3.605136074138116
-3.5633984727382884
-3.5101244528659654
-3.4460250688962812
-3.371935794984887
-3.288806900242744
-3.197692501578784
-3.0997384203119314
-2.996168982433378
-2.8882729145684154
-2.7773884981032073
-2.6648881524882513
-2.552162625304535
-2.4406049712088524
-2.3315945043063375
-2.2264809088046533
-2.1265686909803923
-2.0331021515576553
-1.9472510516030541
-1.870097137053335
-1.8026216771009413
-1.7456941599840747
-1.7000622763957378
-1.666343305893597
-1.6450170055318665
-1.6364200826315163
-1.6407423153576186
-1.6580243657913212
-1.6881573106878602
-1.7308838953259085
-1.7858014960050104
-1.8523667570658344
-1.9299018490189235
-2.017602275693974
-2.1145461404781605
-2.219704764905118
-2.331954537277562
-2.450089854838362
-2.57283701040782
-2.6988688635255955
-2.826820127098743
-2.955303093467903
-3.0829236187408773
-3.208297181268899
-3.3300648292862283
-3.4469088340106433
-3.5575678678950395
-3.660851533190747
-3.7556540734660007
-3.8409671101356597
-3.9158912572886164
-3.979646481020577
-4.031581083941944
-4.071179211367568
-4.098066792723502
-4.112015849731369
-4.112947121743791
-4.100930977989446
-4.07618660621952
-4.039079487101544
-3.990117183453456
-3.9299434928220434
-3.8593310307628466
-3.7791723302554563
-3.690469559781084
-3.5943229785005606
-3.491918261519216
-3.384512841239847
-3.2734214221392577
-3.160000835825088
-3.0456344108292313
-2.9317160371833384
-2.8196341093387853
-2.7107555323937786
-2.6064099758616726
-2.507874556362902
-2.416359125682287
-2.3329923336596936
-2.2588086264575526
-2.194736329973124
-2.1415869556640406
-2.1000458519743717
-2.0706643090484773
-2.053853207679049
-2.0498782856480178
-2.0588570759876323
-2.0807575524302955
-2.1153984976503133
-2.1624515900557637
-2.221445185092577
-2.2917697475035146
-2.37268487196739
-2.4633278112470425
-2.5627234136095245
-2.6697953550481817
-2.7833785369219437
-2.902232506201618
-3.02505574373446
-3.150500655938841
-3.2771890972382933
-3.40372824443022
-3.528726640131306
-3.650810220492934
-3.7686381425622235
-3.8809182289715007
-3.9864218520473638
-4.083998085887626
-4.172586963387299
-4.251231685504126
-4.319089642124251
-4.375442117577439
-4.419702569003081
-4.451423382207553
-4.470301027191732
-4.476179553961404
-4.469052388352121
-4.4490624071821845
-4.41650029186806
-4.371801179467131
-4.315539649724693
-4.24842310587
-4.171283625408612
-4.085068374782578
-3.9908286983129684
-3.8897080071103245
-3.7829286074620527
-3.6717776204214623
-3.557592154792735
-3.441743904305262
-3.32562334640423
-3.210623724673153
-3.098124999396612
-2.989477951137835
-2.885988620444264
-2.7889032629212145
-2.699393992977872
-2.618545281616729
-2.547341463799883
-2.486655399295823
-2.437238417623999
-2.3997116629220145
-2.37455893843497
-2.362121133051959
-2.3625922940910407
-2.3760173915706346
-2.402291799720987
-2.4411625017081855
-2.4922310036934103
-2.554957924660095
-2.6286692091382213
-2.7125638912609924
-2.8057233207186236
-2.907121744334792
-3.015638121375397
-3.130069036487967
-3.2491425615260674
-3.371532906583399
-3.495875691470274
-3.6207836617192224
-3.744862668085291
-3.866727725471645
-3.9850189662958777
-4.098417304529067
-4.2056596299713265
-4.305553357739886
-4.396990165372554
-4.478958759307471
-4.550556523680712
-4.610999917258344
-4.659633498739234
-4.695937476465534
-4.719533695574859
-4.730189993627555
-4.727822874536151
-4.712498469995773
-4.684431777340631
-4.643984182605867
-4.591659297326837
-4.528097157032125
-4.454066848258588
-4.37045764901829
-4.278268784771548
-4.178597917907824
-4.072628503325402
-3.9616161557621306
-3.8468741859135727
-3.729758471948962
-3.611651840692154
-3.493948138381868
-3.378036174501915
-3.265283723634012
-3.1570217696176366
-3.0545291735095756
-2.959017941955125
-2.87161926566558
-2.7933704888264197
-2.725203159536818
-2.667932298928805
-2.6222470125759045
-2.5887025523397513
-2.5677139200947967
-2.559551087010576
-2.5643358834610757
-2.5820405953866477
-2.6124882832771514
-2.6553548201018957
-2.710172624711271
-2.7763360477046573
-2.853108347724247
-2.93963017781406
-3.0349294840892025
-3.137932702691213
-3.2474771260509336
-3.362324296010557
-3.4811742695281733
-3.6026805926365384
-3.725465810169998
-3.8481373326008157
-3.9693034772137064
-4.087589498838456
-4.201653425481075
-4.310201516441063
-4.41200316485164
-4.505905072978439
-4.590844536990459
-4.66586168817445
-4.730110549584989
-4.782868780767579
-4.823545998304268
-4.851690576336747
-4.866994848730784
-4.869298652957911
-4.858591174871971
-4.835011073130355
-4.79884488182676
-4.7505237097355995
-4.690618274189918
-4.619832326798017
-4.538994546728634
-4.449048994946714
-4.351044239358561
-4.246121276134556
-4.135500386345404
-4.02046707931133
-3.902357284584304
-3.782541963138341
-3.662411315033277
-3.543358765465098
-3.4267649136697433
-3.313981629574112
-3.2063164813867595
-3.1050176735083603
-3.0112596682638575
-2.926129657080594
-2.8506150369528513
-2.7855920364522495
-2.7318156223023076
-2.6899108027843286
-2.6603654281515987
-2.6435245709845168
-2.639586551220122
-2.6486006516439344
-2.6704665501596714
-2.704935475376564
-2.751613072202905
-2.8099639444368902
-2.87931782202803
-2.958877281967937
-3.047726933872725
-3.1448439644474013
-3.249109919369343
-3.3593235868745426
-3.4742148346387727
-3.5924592405656197
-3.712693348947713
-3.8335303762639317
-3.9535761856957485
-4.071445346351105
-4.185777092207361
-4.295250996941131
-4.398602184084842
-4.494635897302769
-4.582241262949881
-4.660404086381603
-4.728218534611972
-4.784897570746861
-4.829782019996838
-4.862348162837341
-4.882213767849778
-4.8891424947507485
-4.8830466168902715
-4.863988031858438
-4.832177548559134
-4.787972458963114
-4.731872422511714
-4.664513710578989
-4.586661877291133
-4.499202941128598
-4.403133178890948
-4.29954764958883
-4.189627580457606
-4.074626760394059
-3.9558570975520855
-3.8346735074604736
-3.712458305738238
-3.590605285189338
-3.4705036606945168
-3.35352206684021
-3.2409927926180795
-3.134196434796786
-3.0343471467455565
-2.942578652629776
-2.859931188082635
-2.7873395177842206
-2.725622167975213
-2.6754719979366155
-2.637448219043728
-2.6119699533276544
-2.599311405743961
-2.5995987057595267
-2.6128084546397767
-2.638767995170153
-2.6771574007049095
-2.7275131606311818
-2.7892335197950167
-2.8615854103841714
-2.943712896418358
-3.03464703357419
-3.133317030768433
-3.2385625849281516
-3.3491472468623464
-3.4637726642720335
-3.581093537832573
-3.6997331180670034
-3.8182990645007826
-3.9353994844145546
-4.049658966442969
-4.159734424326736
-4.264330568312587
-4.362214825983911
-4.452231540647952
-4.533315283726741
-4.604503127805026
-4.664945738960604
-4.713917160603662
-4.750823176123705
-4.775208154014193
-4.786760296625069
-4.785315232082295
-4.770857907998721
-4.743522765162397
-4.703592189201637
-4.651493258062231
-4.58779282276295
-4.5131909780946025
-4.428512998474421
-4.334699831847197
-4.232797261135271
-4.123943858087429
-4.009357868287649
-3.890323178396562
-3.7681745272705753
-3.6442821313127887
-3.52003590115848
-3.3968294315042598
-3.27604394850389
-3.159032399642234
-3.0471038693578913
-2.941508499932075
-2.843423091342135
-2.7539375459560023
-2.674042314212696
-2.6046169859032893
-2.5464201584706263
-2.5000806990356312
-2.4660905008041176
-2.444798817293554
-2.436408239644468
-2.4409723633542404
-2.458395171310418
-2.48843214023044
-2.5306930577625693
-2.5846465177975846
-2.649626042209243
-2.7248377585066095
-2.809369544958468
-2.9022015378464827
-3.002217879812633
-3.1082195739707648
-3.2189382957143606
-3.333051003120958
-3.4491951776542886
-3.5659845196054207
-3.6820249174749105
-3.795930507343485
-3.9063396372415515
-4.011930552622426
-4.111436622256507
-4.203660929158268
-4.287490058471063
-4.3619069234861705
-4.426002482051696
-4.478986208408834
-4.520195199829297
-4.549101813153833
-4.565319743265466
-4.5686084734791335
-4.558876046583158
-4.536180124612617
-4.500727325147028
-4.452870841777518
-4.39310637615362
-4.322066428468847
-4.240513012153464
-4.149328876694678
-4.049507339689575
-3.942140845256057
-3.8284083805990625
-3.709561895681583
-3.586911882433757
-3.461812279614565
-3.335644877208703
-3.209803400005506
-3.0856774537034086
-2.9646365184658983
-2.8480141743089957
-2.7370927400296017
-2.6330885026203834
-2.5371377073152352
-2.4502834696470037
-2.373463760279301
-2.30750060101598
-2.2530905964406456
-2.210796910253181
-2.1810427787287443
-2.164106636018174
-2.1601189074421767
-2.169060507717509
-2.1907630614142786
-2.2249108431048947
-2.2710444148558406
-2.3285659191617585
-2.396745966351824
-2.4747320371317914
-2.5615583034719354
-2.656156754713118
-2.7573695007280663
-2.863962110416884
-2.974637831888826
-3.0880525305269595
-3.2028301728625035
-3.3175786778985863
-3.4309059532902038
-3.54143593165848
-3.6478244223146876
-3.748774595796823
-3.8430519228506848
-3.92949839577179
-4.007045868290952
-4.074728360340376
-4.131693185959915
-4.177210776160399
-4.2106830835933025
-4.231650472212558
-4.239797012565731
-4.234954121717692
-4.217102505877948
-4.186372383354464
-4.143041985265649
-4.087534351280963
-4.020412457300433
-3.9423727311975796
-3.8542370313188297
-3.7569431801397393
-3.6515341621218016
-3.5391461102008046
-3.420995219291776
-3.2983637375546864
-3.1725851967895626
-3.045029052093098
-2.9170849077142935
-2.790146510813045
-2.665595697499331
-2.5447864760797354
-2.4290294308586566
-2.319576626147847
-2.217607184376752
-2.1242137044307947
-2.040389676666224
-1.967018039568958
-1.9048610098748204
-1.8545513032987129
-1.8165848470021844
-1.791315067745143
-1.7789488215171063
-1.779544011534931
-1.7930089220455852
-1.8191032756078978
-1.8574410016743992
-1.9074946845816236
-1.968601639711979
-2.039971547835453
-2.1206955596900885
-2.209756765924892
-2.306041911800714
-2.4083542217063214
-2.5154271857626074
-2.6259391497060496
-2.738528539988484
-2.8518095487142046
-2.9643880977377552
-3.0748778980304916
-3.1819164193261806
-3.284180586090177
-3.380402019008089
-3.4693816464261182
-3.550003517432231
-3.621247657463961
-3.6822018183576013
-3.7320719874891353
-3.770191534950613
-3.796028893395002
-3.809193682084521
-3.8094412045988886
-3.7966752683939324
-3.7709492937318236
-3.732465699208952
-3.6815735709596775
-3.6187646423846105
-3.5446676307133087
-3.4600409956390736
-3.3657642034400164
-3.2628275972154825
-3.1523209899240756
-3.035421111620863
-2.9133780554904405
-2.7875008788053277
-2.6591425246738547
-2.5296842382649904
-2.4005196570218295
-2.273038758129659
-2.1486118481495495
-2.028573779242438
-1.9142085737987442
-1.8067346345835633
-1.7072907107638091
-1.6169227814756177
-1.536572008021724
-1.4670638934785651
-1.4090987745848003
-1.3632437554359211
-1.329926175901808
-1.3094286900049585
-1.3018860109521622
-1.3072833603138472
-1.325456639215199
-1.3560943195670692
-1.3987410335513482
-1.4528028200132024
-1.517553967326395
-1.5921453739080675
-1.6756143300772441
-1.7668956085791234
-1.8648337360218585
-1.9681963038702532
-2.075688165665477
-2.1859663569317265
-2.297655565905644
-2.409363976880096
-2.519699303660606
-2.6272848284438695
-2.7307752613646934
-2.8288722380237212
-2.9203392764781313
-3.00401602140465
-3.0788316113543788
-3.1438170151210345
-3.198116195118615
-3.2409959691763905
-3.2718544571521484
-3.2902280150664938
-3.2957965768829123
-3.2883873424012875
-3.2679767687835937
-3.234690842771136
-3.1888036304576812
-3.1307341213237185
-3.0610414028857758
-2.980418221544492
-2.8896830038046284
-2.789770429775387
-2.681720667536003
-2.5666673923766083
-2.445824728922456
-2.3204732665561307
-2.191945309227613
-2.061609529561079
-1.9308552040295348
-1.801076210793353
-1.673654974533932
-1.5499465432230102
-1.4312629802491426
-1.3188582516899712
-1.2139137828154338
-1.1175248501976096
-1.0306879661784354
-0.9542894010144046
-0.8890949749130079
-0.8357412375474587
-0.7947281366537504
-0.7664132601611251
-0.7510077181815806
-0.7485737122940403
-0.7590238201229311
-0.7821220034521195
-0.8174863282615974
-0.8645933653546931
-0.9227842208842999
-0.9912721273120225
-1.0691515073591875
-1.1554084065410968
-1.248932174111034
-1.3485282578603464
-1.4529319653895205
-1.5608230333331712
-1.670840836714352
-1.7816000632301765
-1.8917066719148914
-1.9997739523513578
-2.104438499442651
-2.2043759197292525
-2.2983160883289147
-2.3850577807530677
-2.4634825110543397
-2.532567416902049
-2.591397043161546
-2.6391738882406273
-2.6752275917189663
-2.699022657427204
-2.7101646230127243
-2.7084046049242603
-2.6936421664612906
-2.665926475850666
-2.6254557410106507
-2.572574927513249
-2.5077717860318627
-2.4316712350346106
-2.3450281634293497
-2.2487187360677616
-2.1437303022610887
-2.031150023552363
-1.9121523517429448
-1.7879855014154389
-1.6599570727768482
-1.5294189904345459
-1.3977519315962998
-1.266349423067696
-1.1366017902351953
-1.0098801429282434
-0.8875205826284498
-0.7708088129452321
-0.6609653306308798
-0.5591313677214329
-0.4663557467372471
-0.38358280035955283
-0.3116414947372428
-0.2512358817139535
-0.20293698995690201
-0.16717624839452627
-0.14424051771893076
-0.13426878718578883
-0.13725057476157665
-0.1530260490470028
-0.18128787157214088
-0.2215847382417323
-0.27332657913631686
-0.33579135677212557
-0.4081333845100713
-0.4893930692929229
-0.5785079664833498
-0.6743250194608796
-0.7756138429886732
-0.881080897337514
-0.9893843898942216
-1.0991497326007769
-1.2089853771688257
-1.317498845661847
-1.4233127717872436
-1.5250807681168062
-1.6215029364599225
-1.7113408427233723
-1.7934317837611784
-1.866702181873062
-1.9301799526589871
-1.9830057037630422
-2.0244426355075076
-2.053885029370326
-2.070865226526559
-2.075059016067268
-2.066289370828302
-2.044528487795642
-2.009898109583663
-1.962668123283118
-1.9032534528188614
-1.832209280614593
-1.7502246536066397
-1.6581145472598982
-1.5568104790010664
-1.4473497791942633
-1.3308636432475593
-1.2085641024794294
-1.0817300638290033
-0.9516925792203116
-0.8198195142636708
-0.687499792897621
-0.556127399458539
-0.4270853224598131
-0.30172962503377293
-0.18137382553075576
-0.06727376819625175
0.03938684179705376
0.13751007233934542
0.22609641034445216
0.3042562740111886
0.3712202587743567
0.42634799892149633
0.46913554279715675
0.4992211566393071
0.5163894901927769
0.5205740561156051
0.5118579946178498
0.490473114524855
0.45679722181107996
0.41134976637745335
0.35478585721738076
0.2878887149114081
0.21156064839097333
0.12681265991094037
0.0347527979720057
-0.06342660764271119
-0.16646268167634976
-0.2730365518278912
-0.38178854221787906
-0.49133383687504173
-0.6002784328149157
-0.7072351989447927
-0.8108398558112255
-0.9097666921175969
-1.0027438369716695
-1.0885679119403249
-1.1661178941334172
-1.234368030625943
-1.2923996554563402
-1.339411773079565
-1.3747302863631483
-1.3978157628278405
-1.4082696496730036
-1.405838865994907
-1.3904187192999031
-1.3620541127168257
-1.3209390290025274
-1.2674142972844318
-1.2019636682651047
-1.1252082430990458
-1.0378993201159443
-0.9409097417897734
-0.8352238416287385
-0.7219261067891097
-0.6021886870089626
-0.47725789374820193
-0.3484398450522899
-0.21708542149801668
-0.08457470651525814
0.04769890968156146
0.17834477944443555
0.30599101545041296
0.4293002923581866
0.5469852503416561
0.6578233230655721
0.7606708192982541
0.8544760959542297
0.9382916708246403
1.0112851354681185
1.0727487425552646
1.1221075572291483
1.158926078585511
1.1829132549992876
1.193925835525178
1.191970018767397
1.1772013802249501
1.149923078949451
1.1105823641732089
1.059765422147922
0.998190622554027
0.9267002422758435
0.8462507618772177
0.7579018465535777
0.6628041384900748
0.5621860012464464
0.4573393688619956
0.3496048626857994
0.24035634737313002
0.1309851039490515
0.022883802251444207
-0.0825695426239022
-0.1840274450681723
-0.2801884720320954
-0.3698122356140941
-0.45173368246294765
-0.5248765153937757
-0.5882655926126552
-0.641038161721551
-0.6824537990981951
-0.711902940158068
-0.7289139022375755
-0.7331583192010173
-0.7244549251696755
-0.7027716437877378
-0.6682259589586386
-0.6210835627812317
-0.5617552962603772
-0.4907924180321891
-0.4088802556038662
-0.31683031224027836
-0.215570920418716
-0.10613654951569074
0.010344109108486599
0.13266114237804733
0.25953735137202333
0.38964296226723905
0.5216109428975948
0.654052748496457
0.7855743152455147
0.9147921173985156
1.0403491030168213
1.1609303247507752
1.275278085614795
1.3822064252903474
1.4806147800876421
1.569500659215552
1.6479711913404942
1.7152534084285602
1.7707031484098599
1.813812474114787
1.84421552302252
1.861692720438025
1.8661733075655298
1.8577361553573286
1.836608854763151
1.803165093859618
1.7579203520728637
1.7015259610930609
1.6347616008938726
1.5585263172956398
1.4738281645423614
1.3817725922003123
1.2835497101509916
1.1804205783741608
1.073702679450515
0.9647547411273111
0.8549610837779423
0.7457156730581808
0.6384060614584088
0.5343974037306418
0.43501673031841137
0.3415376599451059
0.25516572745852284
0.17702449594131453
0.10814261306349249
0.04944196077610785
0.0017270348511615463
-0.03432432339439462
-0.058168736427999024
-0.06940355092793005
-0.06777147719228016
-0.0531635540886668
-0.025620405391049594
0.014668226968154396
0.06736566735421934
0.13199218343152574
0.20793051105067017
0.2944329633796109
0.390630042387915
0.49554045348783593
0.6080824079722271
0.7270860830556426
0.8513070959900191
0.9794408370453715
1.110137496252189
1.2420176108115113
1.3736879540798679
1.5037575831026921
1.6308538598429425
1.7536382615548147
1.8708217981810624
1.981179859179878
2.08356631875862
2.176926737035208
2.2603105050615713
2.332881793809372
2.393929180995518
2.44287384485531
2.4792762304779803
2.5028411119147425
2.513420991748305
2.511017798963855
2.495782865563659
2.4680151821945846
2.4281579528821906
2.376793488557803
2.3146364982004823
2.2425258548739624
2.161414931506522
2.0723606177365825
1.9765111443405854
1.8750928554944606
1.769396081240464
1.6607602728958653
1.5505585726303956
1.440181994956563
1.3310234023485579
1.2244614595756658
1.1218447515821193
1.0244762478610538
0.9335982922791708
0.8503782912554712
0.7758952651539339
0.7111274178055558
0.6569408673479256
0.6140796681928706
0.5831572390602004
0.5646492958187728
0.5588883705424044
0.5660599799160433
0.586200487128786
0.619196681882793
0.664787083356033
0.7225649511099925
0.7919829692592519
0.8723595499456567
0.9628866835066815
1.0626392449110893
1.1705856492602202
1.2855997336128822
1.4064737282663735
1.531932168075606
1.6606465835648023
1.7912508026032823
1.9223566863838242
2.052570118439069
2.1805070625174188
2.304809504345468
2.4241610936426663
2.5373023062061466
2.643044951412116
2.740285858020366
2.828019580634095
2.9053499804475202
2.971500546881934
3.025823341214049
3.0678064591741023
3.097079926551313
3.1134199598947108
3.116751543229724
3.1071492911092444
3.084836588057545
3.0501830143198427
3.0037000875707256
2.9460353696328774
2.8779650060917072
2.8003847847426435
2.7142998158697846
2.6208129532298416
2.5211120891213774
2.4164564698883106
2.308162189491365
2.1975870282480865
2.086114811385634
1.9751394675817913
1.8660489711255928
1.7602093526690301
1.658948962752242
1.5635431693717214
1.475199665862068
1.3950445583311903
1.3241093929093388
1.2633192722461009
1.213482198143091
1.1752797630852416
1.1492592978961247
1.135827565969146
1.1352460767115045
1.147628072185738
1.1729372216601373
1.210988039105595
1.261448018829724
1.323841464647662
1.3975549684809168
1.4818444752759217
1.5758438528605017
1.6785748680214685
1.7889584538877688
1.9058271388291637
2.027938493700514
2.1539894425319206
2.2826312718179187
2.4124851655126185
2.5421580867814257
2.670258823565961
2.7954140131314804
2.9162839610088835
3.031578072110747
3.140069716269213
3.240610356957977
3.3321427804482378
3.413713273010481
3.4844826058920533
3.5437357015330173
3.5908898696744767
3.6255015184867387
3.6472712634111515
3.656047374866321
3.65182752510436
3.634758814094792
3.6051360741381178
3.563398472738292
3.510124452865971
3.4460250688962866
3.371935794984893
3.2888069002427525
3.197692501578791
3.0997384203119394
2.9961689824333853
2.888272914568423
2.7773884981032175
2.6648881524882584
2.552162625304543
2.4406049712088627
2.3315945043063446
2.2264809088046613
2.1265686909804007
2.033102151557662
1.9472510516030601
1.8700971370533397
1.8026216771009453
1.7456941599840798
1.7000622763957405
1.6663433058935992
1.6450170055318694
1.636420082631516
1.6407423153576182
1.6580243657913207
1.6881573106878576
1.7308838953259054
1.7858014960050046
1.852366757065829
1.929901849018919
2.017602275693967
2.114546140478153
2.2197047649051123
2.331954537277553
2.450089854838354
2.572837010407813
2.6988688635255866
2.826820127098734
2.955303093467893
3.0829236187408684
3.2082971812688914
3.3300648292862194
3.446908834010635
3.5575678678950338
3.660851533190739
3.7556540734659944
3.8409671101356557
3.9158912572886115
3.9796464810205725
4.03158108394194
4.071179211367566
4.098066792723502
4.112015849731368
4.112947121743791
4.1009309779894485
4.076186606219522
4.039079487101548
3.9901171834534614
3.929943492822048
3.8593310307628523
3.779172330255462
3.6904695597810906
3.594322978500569
3.4919182615192237
3.384512841239855
3.2734214221392675
3.1600008358250955
3.0456344108292392
2.9317160371833477
2.8196341093387938
2.7107555323937866
2.6064099758616797
2.507874556362909
2.416359125682295
2.332992333659699
2.258808626457558
2.1947363299731295
2.1415869556640437
2.1000458519743743
2.0706643090484804
2.05385320767905
2.0498782856480178
2.058857075987631
2.080757552430293
2.115398497650312
2.1624515900557597
2.2214451850925725
2.2917697475035106
2.372684871967384
2.4633278112470363
2.5627234136095165
2.6697953550481737
2.7833785369219353
2.902232506201609
3.0250557437344505
3.150500655938832
3.277189097238284
3.4037282444302113
3.528726640131297
3.6508102204929256
3.7686381425622155
3.8809182289714927
3.9864218520473567
4.083998085887619
4.172586963387293
4.251231685504121
4.319089642124245
4.375442117577435
4.4197025690030785
4.451423382207551
4.470301027191731
4.476179553961405
4.4690523883521225
4.449062407182187
4.416500291868062
4.371801179467135
4.3155396497246965
4.248423105870005
4.171283625408618
4.085068374782585
3.990828698312976
3.8897080071103325
3.7829286074620603
3.6717776204214707
3.5575921547927436
3.441743904305271
3.3256233464042384
3.210623724673162
3.0981249993966204
2.989477951137843
2.885988620444272
2.7889032629212207
2.6993939929778783
2.618545281616735
2.5473414637998877
2.4866553992958274
2.4372384176240027
2.399711662922017
2.374558938434972
2.36212113305196
2.3625922940910398
2.3760173915706377
2.4022917997209774
2.4411625017081935
2.4922310036933926
2.5549579246600906
2.6286692091382156
2.712563891260986
2.8057233207186165
2.907121744334784
3.015638121375389
3.130069036487928
3.249142561526028
3.371532906583359
3.4958756914702973
3.620783661719245
3.7448626680853137
3.8667277254716366
3.9850189662958697
4.098417304529059
4.2056596299713185
4.305553357739879
4.396990165372547
4.478958759307446
4.55055652368069
4.610999917258326
4.6596334987392405
4.69593747646554
4.719533695574862
4.730189993627554
4.727822874536152
4.712498469995775
4.684431777340634
4.6439841826058705
4.591659297326841
4.528097157032149
4.454066848258615
4.370457649018321
4.278268784771528
4.178597917907805
4.0726285033253795
3.961616155762139
3.846874185913581
3.7297584719489705
3.6116518406921627
3.4939481383818762
3.378036174501924
3.26528372363405
3.157021769617673
3.0545291735096103
2.9590179419551066
2.8716192656655637
2.7933704888264046
2.7252031595368225
2.667932298928809
2.6222470125759076
2.5887025523397535
2.567713920094798
2.5595510870105764
2.564335883461072
2.5820405953866405
2.61248828327714
2.6553548201019046
2.7101726247112827
2.7763360477046697
2.853108347724241
2.939630177814054
3.0349294840891954
3.1379327026912054
3.2474771260509256
3.3623242960105486
3.4811742695281334
3.6026805926364975
3.725465810169957
3.848137332600839
3.969303477213729
4.087589498838478
4.201653425481066
4.310201516441056
4.412003164851633
4.5059050729784325
4.590844536990453
4.665861688174445
4.7301105495849844
4.782868780767564
4.823545998304256
4.85169057633674
4.866994848730785
4.8692986529579105
4.858591174871967
4.8350110731303575
4.7988448818267635
4.750523709735603
4.690618274189923
4.619832326798022
4.53899454672864
4.449048994946746
4.351044239358595
4.246121276134592
4.135500386345384
4.020467079311307
3.9023572845842818
3.7825419631383497
3.6624113150332858
3.543358765465107
3.4267649136697518
3.313981629574121
3.206316481386767
3.1050176735083936
3.011259668263888
2.926129657080621
2.8506150369528376
2.785592036452238
2.7318156223022987
2.6899108027843317
2.6603654281516
2.6435245709845177
2.6395865512201215
2.6486006516439335
2.670466550159669
2.7049354753765504
2.7516130722028875
2.809963944436869
2.8793178220280446
2.958877281967953
3.047726933872743
3.144843964447394
3.249109919369335
3.3593235868745346
3.4742148346387642
3.592459240565611
3.7126933489477043
3.8335303762638917
3.953576185695709
4.071445346351066
4.185777092207383
4.295250996941151
4.3986021840848615
4.4946358973027625
4.582241262949875
4.6604040863815985
4.728218534611967
4.784897570746858
4.829782019996835
4.862348162837331
4.882213767849773
4.8891424947507485
4.88304661689027
4.863988031858433
4.832177548559127
4.787972458963118
4.731872422511718
4.664513710578993
4.58666187729114
4.499202941128605
4.403133178890956
4.299547649588867
4.1896275804576435
4.074626760394098
3.9558570975520633
3.8346735074604514
3.712458305738216
3.5906052851893477
3.4705036606945256
3.3535220668402186
3.2409927926180875
3.1341964347967934
3.0343471467455645
2.9425786526298054
2.859931188082661
2.787339517784243
2.725622167975203
2.675471997936608
2.6374482190437227
2.6119699533276552
2.5993114057439612
2.5995987057595267
2.612808454639776
2.6387679951701513
2.677157400704906
2.7275131606311622
2.7892335197949936
2.861585410384145
2.9437128964183286
3.0346470335742093
3.133317030768453
3.2385625849281725
3.349147246862339
3.4637726642720255
3.581093537832565
3.6997331180669946
3.8182990645007737
3.9353994844145466
4.049658966442932
4.159734424326699
4.264330568312553
4.36221482598393
4.4522315406479684
4.533315283726756
4.604503127805021
4.664945738960601
4.71391716060366
4.750823176123704
4.775208154014192
4.786760296625069
4.785315232082298
4.770857907998728
4.743522765162409
4.703592189201629
4.651493258062221
4.587792822762937
4.51319097809461
4.428512998474427
4.334699831847204
4.232797261135278
4.123943858087438
4.009357868287658
3.890323178396603
3.7681745272706157
3.64428213131283
3.5200359011584577
3.3968294315042376
3.276043948503869
3.159032399642243
3.0471038693578993
2.941508499932082
2.8434230913421428
2.753937545956009
2.674042314212703
2.6046169859033097
2.5464201584706423
2.500080699035643
2.4660905008041127
2.444798817293554
2.4364082396444684
2.4409723633542395
2.458395171310416
2.4884321402304366
2.5306930577625666
2.584646517797581
2.6496260422092375
2.724837758506581
2.8093695449584346
2.9022015378464476
3.0022178798126546
3.108219573970787
3.2189382957143833
3.333051003120949
3.449195177654279
3.5659845196054127
3.6820249174749033
3.7959305073434764
3.906339637241543
4.011930552622388
4.1114366222564716
4.2036609291582385
4.28749005847108
4.361906923486185
4.426002482051708
4.478986208408829
4.520195199829296
4.5491018131538326
4.565319743265466
4.5686084734791335
4.558876046583158
4.536180124612624
4.500727325147042
4.452870841777534
4.393106376153608
4.322066428468833
4.240513012153447
4.149328876694687
4.049507339689584
3.9421408452560645
3.8284083805990705
3.70956189568159
3.586911882433765
3.4618122796146076
3.3356448772087437
3.2098034000055464
3.0856774537033864
2.9646365184658747
2.848014174308976
2.7370927400295835
2.6330885026203905
2.5371377073152415
2.450283469647008
2.373463760279304
2.3075006010159864
2.2530905964406487
2.2107969102531912
2.1810427787287505
2.1641066360181735
2.16011890744218
2.169060507717515
2.1907630614142852
2.224910843104891
2.2710444148558344
2.328565919161752
2.39674596635182
2.474732037131785
2.5615583034719283
2.6561567547130833
2.7573695007280277
2.863962110416847
2.9746378318888502
3.088052530526983
3.202830172862527
3.3175786778985774
3.430905953290193
3.541435931658474
3.6478244223146796
3.748774595796816
3.8430519228506776
3.929498395771759
4.007045868290927
4.074728360340354
4.131693185959927
4.177210776160408
4.210683083593309
4.231650472212555
4.239797012565733
4.234954121717693
4.21710250587795
4.186372383354467
4.14304198526565
4.087534351280983
4.020412457300458
3.9423727311976062
3.854237031318814
3.7569431801397215
3.65153416212178
3.5391461102008153
3.4209952192917843
3.2983637375546957
3.1725851967895715
3.045029052093105
2.917084907714305
2.790146510813088
2.66559569749937
2.544786476079774
2.4290294308586367
2.3195766261478266
2.2176071843767375
2.124213704430801
2.04038967666623
1.9670180395689632
1.9048610098748222
1.8545513032987184
1.8165848470021888
1.7913150677451468
1.7789488215171063
1.7795440115349266
1.7930089220455883
1.8191032756079075
1.8574410016744096
1.907494684581619
1.9686016397119739
2.0399715478354454
2.120695559690084
2.2097567659248876
2.3060419118007065
2.408354221706283
2.5154271857625683
2.6259391497060074
2.738528539988509
2.8518095487142276
2.964388097737779
3.0748778980304827
3.1819164193261704
3.2841805860901716
3.380402019008084
3.4693816464261116
3.5500035174322253
3.6212476574639356
3.6822018183575773
3.73207198748912
3.770191534950621
3.7960288933950075
3.8091936820845245
3.8094412045988864
3.796675268393936
3.7709492937318276
3.732465699208955
3.681573570959681
3.6187646423846154
3.5446676307133114
3.460040995639104
3.3657642034400475
3.2628275972155163
3.1523209899240556
3.03542111162084
2.913378055490421
2.7875008788053393
2.6591425246738636
2.5296842382649998
2.4005196570218383
2.2730387581296663
2.14861184814956
2.028573779242475
1.914208573798779
1.806734634583596
1.7072907107637905
1.6169227814756058
1.5365720080217145
1.4670638934785696
1.4090987745848043
1.3632437554359236
1.329926175901807
1.3094286900049616
1.3018860109521622
1.3072833603138412
1.3254566392151876
1.3560943195670516
1.3987410335513624
1.4528028200132188
1.5175539673264105
1.5921453739080618
1.675614330077238
1.766895608579113
1.8648337360218536
1.9681963038702448
2.0756881656654684
2.1859663569316865
2.2976555659056013
2.409363976880058
2.519699303660632
2.627284828443892
2.7307752613647147
2.828872238023714
2.920339276478122
3.0040160214046465
3.0788316113543734
3.1438170151210296
3.198116195118611
3.240995969176373
3.2718544571521395
3.2902280150664898
3.295796576882915
3.288387342401287
3.2679767687835906
3.234690842771136
3.188803630457688
3.130734121323723
3.0610414028857815
2.980418221544498
2.8896830038046324
2.7897704297754164
2.68172066753604
2.5666673923766457
2.4458247289224353
2.3204732665561085
2.191945309227588
2.0616095295610912
1.9308552040295437
1.8010762107933616
1.6736549745339404
1.5499465432230162
1.4312629802491479
1.318858251690008
1.213913782815465
1.1175248501976371
1.030687966178422
0.9542894010143906
0.8890949749130017
0.8357412375474615
0.7947281366537526
0.7664132601611264
0.7510077181815782
0.748573712294037
0.7590238201229325
0.7821220034521064
0.8174863282615803
0.8645933653546722
0.9227842208843112
0.9912721273120418
1.0691515073592055
1.1554084065410901
1.2489321741110269
1.3485282578603357
1.4529319653895096
1.560823033333166
1.6708408367143435
1.781600063230136
1.8917066719148514
1.9997739523513158
2.104438499442676
2.204375919729274
2.2983160883289346
2.385057780753086
2.463482511054331
2.532567416902041
2.5913970431615447
2.6391738882406237
2.6752275917189636
2.6990226574272027
2.7101646230127163
2.708404604924263
2.6936421664612946
2.665926475850662
2.6254557410106436
2.5725749275132372
2.5077717860318645
2.4316712350346195
2.3450281634293564
2.2487187360677687
2.143730302261096
2.0311500235523683
1.912152351742986
1.7879855014154784
1.6599570727768889
1.5294189904345232
1.397751931596274
1.2663494230676704
1.1366017902352072
1.0098801429282522
0.8875205826284582
0.7708088129452401
0.6609653306308839
0.5591313677214428
0.46635574673727354
0.3835828003595758
0.3116414947372619
0.2512358817139422
0.20293698995689313
0.16717624839452605
0.14424051771893165
0.1342687871857886
0.13725057476157576
0.15302604904699768
0.1812878715721411
0.22158473824172886
0.2733265791362943
0.3357913567720995
0.4081333845100388
0.4893930692929387
0.5785079664833734
0.6743250194609011
0.7756138429886652
0.8810808973375059
0.98938438989421
1.099149732600772
1.2089853771688173
1.3174988456618388
1.423312771787205
1.525080768116766
1.6215029364598843
1.7113408427233947
1.793431783761196
1.8667021818730778
1.9301799526589822
1.9830057037630349
2.0244426355075076
2.0538850293703237
2.070865226526558
2.0750590160672675
2.0662893708283008
2.0445284877956444
2.009898109583677
1.9626681232831102
1.9032534528188516
1.832209280614581
1.7502246536066424
1.658114547259908
1.5568104790010737
1.4473497791942713
1.3308636432475678
1.2085641024794347
1.0817300638290401
0.9516925792203557
0.819819514263712
0.6874997928975983
0.5561273994585166
0.427085322459788
0.3017296250337848
0.1813738255307672
0.06727376819625941
-0.03938684179704666
-0.1375100723393422
-0.2260964103444495
-0.3042562740111642
-0.3712202587743394
-0.42634799892148323
-0.4691355427971613
-0.4992211566393123
-0.5163894901927731
-0.5205740561156025
-0.5118579946178511
-0.4904731145248574
-0.4567972218110864
-0.4113497663774609
-0.3547858572173824
-0.28788871491141366
-0.21156064839100397
-0.12681265991097368
-0.0347527979720445
0.06342660764273639
0.16646268167637573
0.27303655182791453
0.3817885422178707
0.49133383687503
0.600278432814904
0.7072351989447879
0.8108398558112178
0.9097666921175895
1.0027438369716357
1.0885679119402902
1.1661178941333923
1.2343680306259612
1.2923996554563528
1.3394117730795756
1.3747302863631425
1.3978157628278356
1.4082696496730065
1.405838865994907
1.3904187192999045
1.362054112716828
1.3209390290025367
1.267414297284452
1.2019636682651285
1.1252082430990327
1.0378993201159292
0.9409097417897533
0.8352238416287427
0.7219261067891212
0.6021886870089712
0.47725789374821076
0.3484398450522991
0.21708542149802257
0.08457470651530291
-0.04769890968151713
-0.1783447794443953
-0.3059910154504343
-0.42930029235821054
-0.5469852503416789
-0.6578233230655612
-0.7606708192982472
-0.8544760959542237
-0.9382916708246349
-1.0112851354681174
-1.0727487425552575
-1.1221075572291341
-1.1589260785855044
-1.1829132549992851
-1.1939258355251798
-1.191970018767396
-1.1772013802249401
-1.1499230789494537
-1.1105823641732127
-1.0597654221479265
-0.9981906225540356
-0.926700242275846
-0.846250761877221
-0.7579018465536123
-0.6628041384901114
-0.5621860012464879
-0.45733936886197585
-0.3496048626857725
-0.24035634737310638
-0.13098510394905988
-0.022883802251452395
0.08256954262389099
0.18402744506816815
0.28018847203209163
0.3698122356140873
0.451733682462918
0.5248765153937458
0.5882655926126289
0.6410381617215661
0.6824537990982047
0.7119029401580752
0.7289139022375744
0.7331583192010137
0.7244549251696796
0.702771643787743
0.6682259589586413
0.6210835627812353
0.5617552962603926
0.49079241803220813
0.40888025560389546
0.3168303122402625
0.2155709204186984
0.10613654951567175
-0.010344109108481603
-0.13266114237803528
-0.2595373513720109
-0.38964296226722983
-0.5216109428975855
-0.6540527484964511
-0.7855743152454775
-0.9147921173984725
-1.0403491030167829
-1.160930324750795
-1.2752780856148134
-1.3822064252903679
-1.480614780087654
-1.569500659215543
-1.6479711913404889
-1.715253408428556
-1.77070314840986
-1.8138124741147883
-1.8442155230225152
-1.8616927204380245
-1.8661733075655338
-1.857736155357337
-1.8366088547631465
-1.8031650938596047
-1.757920352072848
-1.7015259610930658
-1.634761600893878
-1.5585263172956494
-1.4738281645423714
-1.3817725922003166
-1.2835497101509994
-1.1804205783741997
-1.0737026794505544
-0.9647547411273548
-0.8549610837779155
-0.7457156730581541
-0.6384060614583861
-0.5343974037306494
-0.43501673031842214
-0.3415376599451162
-0.25516572745852595
-0.1770244959413202
-0.10814261306349748
-0.04944196077612928
-0.0017270348511819744
0.034324323394384626
0.05816873642800813
0.0694035509279336
0.06777147719228127
0.0531635540886648
0.025620405391048706
-0.014668226968148401
-0.06736566735421512
-0.13199218343152086
-0.20793051105066462
-0.29443296337958647
-0.3906300423878811
-0.4955404534877994
-0.6080824079722466
-0.7270860830556637
-0.8513070959900442
-0.9794408370453658
-1.1101374962521764
-1.242017610811502
-1.3736879540798583
-1.503757583102683
-1.630853859842937
-1.7536382615547743
-1.870821798181024
-1.981179859179845
-2.0835663187586366
-2.1769267370352257
-2.260310505061587
-2.3328817938093644
-2.3939291809955145
-2.442873844855307
-2.4792762304779785
-2.5028411119147442
-2.5134209917483012
-2.5110177989638576
-2.49578286556367
-2.4680151821945993
-2.4281579528821826
-2.3767934885577926
-2.314636498200464
-2.242525854873968
-2.1614149315065285
-2.07236061773659
-1.9765111443405958
-1.8750928554944655
-1.7693960812404694
-1.6607602728959057
-1.5505585726304363
-1.4401819949566066
-1.3310234023485377
-1.2244614595756402
-1.1218447515820975
-1.024476247861061
-0.9335982922791776
-0.8503782912554803
-0.7758952651539363
-0.7111274178055575
-0.6569408673479294
-0.6140796681928864
-0.5831572390602151
-0.564649295818783
-0.5588883705423993
-0.5660599799160431
-0.5862004871287887
-0.6191966818827905
-0.6647870833560328
-0.7225649511099852
-0.7919829692592436
-0.8723595499456506
-0.962886683506675
-1.062639244911085
-1.1705856492601887
-1.2855997336128424
-1.4064737282663349
-1.531932168075628
-1.660646583564825
-1.7912508026033083
-1.9223566863838117
-2.052570118439057
-2.18050706251741
-2.3048095043454593
-2.424161093642661
-2.5373023062061417
-2.6430449514120813
-2.7402858580203375
-2.8280195806340696
-2.905349980447532
-2.9715005468819466
-3.0258233412140534
-3.0678064591740974
-3.097079926551311
-3.1134199598947103
-3.116751543229724
-3.1071492911092493
-3.084836588057545
-3.0501830143198596
-3.0037000875707465
-2.9460353696329014
-2.8779650060916935
-2.800384784742622
-2.7142998158697624
-2.620812953229849
-2.5211120891213854
-2.4164564698883186
-2.308162189491376
-2.1975870282480923
-2.086114811385642
-1.9751394675818312
-1.8660489711256325
-1.760209352669071
-1.658948962752218
-1.5635431693716992
-1.4751996658620503
-1.395044558331196
-1.3241093929093437
-1.2633192722461084
-1.2134821981430919
-1.1752797630852436
-1.1492592978961265
-1.135827565969151
-1.1352460767115078
-1.1476280721857315
-1.1729372216601386
-1.2109880391056012
-1.261448018829733
-1.3238414646476575
-1.397554968480914
-1.481844475275913
-1.575843852860495
-1.6785748680214614
-1.7889584538877608
-1.9058271388291284
-2.027938493700472
-2.1539894425318775
-2.282631271817942
-2.412485165512641
-2.542158086781449
-2.670258823565954
-2.795414013131469
-2.916283961008875
-3.0315780721107393
-3.1400697162692053
-3.2406103569579727
-3.332142780448209
-3.413713273010455
-3.4844826058920337
-3.5437357015330253
-3.5908898696744824
-3.625501518486745
-3.647271263411148
-3.656047374866321
-3.651827525104361
-3.6347588140947944
-3.605136074138123
-3.5633984727382932
-3.510124452865991
-3.4460250688963123
-3.3719357949849225
-3.288806900242733
-3.1976925015787736
-3.099738420311916
-2.9961689824333932
-2.888272914568432
-2.777388498103226
-2.66488815248827
-2.552162625304549
-2.440604971208868
-2.3315945043063837
-2.226480908804698
-2.126568690980436
-2.0331021515576975
-1.9472510516030408
-1.8700971370533241
-1.802621677100932
-1.745694159984084
-1.700062276395746
-1.666343305893599
-1.6450170055318685
-1.636420082631517
-1.6407423153576175
-1.6580243657913154
-1.6881573106878498
-1.7308838953258887
-1.7858014960050148
-1.8523667570658415
-1.929901849018933
-2.0176022756939624
-2.1145461404781436
-2.219704764905102
-2.3319545372775448
-2.450089854838345
-2.572837010407804
-2.698868863525548
-2.826820127098691
-2.9553030934678524
-3.0829236187408906
-3.2082971812689136
-3.3300648292862425
-3.4469088340106255
-3.5575678678950236
-3.6608515331907325
-3.7556540734659887
-3.84096711013565
-3.9158912572886084
-3.9796464810205534
-4.031581083941926
-4.071179211367555
-4.098066792723505
-4.11201584973137
-4.112947121743787
-4.1009309779894485
-4.076186606219524
-4.03907948710155
-3.9901171834534654
-3.929943492822055
-3.8593310307628563
-3.7791723302554927
-3.690469559781124
-3.5943229785006046
-3.4919182615192037
-3.3845128412398346
-3.273421422139243
-3.1600008358251044
-3.045634410829248
-2.9317160371833566
-2.819634109338804
-2.7107555323937924
-2.606409975861687
-2.507874556362943
-2.4163591256823267
-2.3329923336597296
-2.258808626457545
-2.1947363299731153
-2.1415869556640335
-2.100045851974377
-2.0706643090484826
-2.0538532076790537
-2.049878285648016
-2.05885707598763
-2.080757552430291
-2.1153984976503
-2.1624515900557455
-2.2214451850925543
-2.291769747503522
-2.372684871967399
-2.463327811247053
-2.5627234136095094
-2.669795355048168
-2.783378536921925
-2.9022325062016003
-3.0250557437344416
-3.1505006559388233
-3.2771890972382445
-3.4037282444301717
-3.5287266401312554
-3.6508102204929473
-3.7686381425622364
-3.8809182289715123
-3.986421852047351
-4.083998085887611
-4.172586963387287
-4.2512316855041155
-4.319089642124241
-4.375442117577434
-4.41970256900307
-4.451423382207543
-4.470301027191729
-4.476179553961403
-4.469052388352118
-4.449062407182182
-4.416500291868063
-4.371801179467139
-4.315539649724702
-4.24842310587001
-4.171283625408626
-4.085068374782592
-3.9908286983129817
-3.889708007110369
-3.782928607462099
-3.6717776204215102
-3.5575921547927223
-3.4417439043052465
-3.325623346404215
-3.2106237246731704
-3.098124999396629
-2.989477951137852
-2.8859886204442806
-2.7889032629212265
-2.6993939929778845
-2.618545281616762
-2.5473414637999117
-2.4866553992958482
-2.437238417623991
-2.3997116629220105
-2.3745589384349675
-2.3621211330519607
-2.362592294091041
-2.3760173915706333
-2.402291799720982
-2.441162501708179
-2.492231003693403
-2.5549579246600684
-2.6286692091381916
-2.712563891260956
-2.8057233207186347
-2.9071217443348036
-3.0156381213754093
-3.1300690364879515
-3.2491425615260514
-3.37153290658338
-3.4958756914702556
-3.6207836617192037
-3.7448626680852732
-3.866727725471598
-3.98501896629583
-4.098417304529024
-4.205659629971338
-4.305553357739896
-4.396990165372564
-4.478958759307461
-4.550556523680702
-4.610999917258336
-4.659633498739227
-4.695937476465531
-4.7195336955748575
-4.730189993627553
-4.727822874536155
-4.712498469995783
-4.684431777340626
-4.643984182605862
-4.591659297326831
-4.528097157032135
-4.454066848258599
-4.370457649018303
-4.278268784771562
-4.178597917907841
-4.072628503325417
-3.961616155762177
-3.846874185913621
-3.729758471949011
-3.61165184069214
-3.4939481383818545
-3.3780361745018994
-3.2652837236340284
-3.1570217696176517
-3.0545291735095907
-2.959017941955139
-2.8716192656655917
-2.7933704888264304
-2.725203159536844
-2.667932298928827
-2.6222470125759223
-2.5887025523397478
-2.5677139200947945
-2.5595510870105755
-2.564335883461074
-2.582040595386644
-2.6124882832771474
-2.6553548201018877
-2.7101726247112623
-2.776336047704646
-2.853108347724214
-2.939630177814024
-3.0349294840891634
-3.1379327026912245
-3.247477126050947
-3.3623242960105704
-3.481174269528156
-3.602680592636521
-3.7254658101699794
-3.848137332600797
-3.969303477213689
-4.087589498838439
-4.201653425481029
-4.310201516441022
-4.4120031648516
-4.505905072978402
-4.590844536990468
-4.665861688174458
-4.730110549584996
-4.782868780767572
-4.823545998304263
-4.851690576336743
-4.8669948487307835
-4.869298652957912
-4.8585911748719735
-4.835011073130367
-4.798844881826779
-4.750523709735622
-4.69061827418991
-4.619832326798008
-4.538994546728623
-4.449048994946726
-4.3510442393585755
-4.246121276134572
-4.135500386345422
-4.020467079311348
-3.9023572845843217
-3.7825419631383905
-3.662411315033326
-3.543358765465147
-3.4267649136697296
-3.3139816295740987
-3.206316481386747
-3.1050176735083745
-3.011259668263871
-2.9261296570806055
-2.850615036952862
-2.785592036452258
-2.7318156223023147
-2.689910802784344
-2.660365428151608
-2.643524570984522
-2.6395865512201224
-2.648600651643936
-2.6704665501596745
-2.7049354753765584
-2.7516130722028977
-2.8099639444368805
-2.8793178220280193
-2.9588772819679248
-3.0477269338727115
-3.14484396444736
-3.2491099193692987
-3.359323586874496
-3.474214834638786
-3.592459240565634
-3.7126933489477274
-3.833530376263914
-3.953576185695731
-4.071445346351088
-4.185777092207345
-4.295250996941115
-4.398602184084828
-4.4946358973027305
-4.582241262949847
-4.660404086381573
-4.728218534611979
-4.7848975707468675
-4.829782019996841
-4.8623481628373355
-4.882213767849775
-4.8891424947507485
-4.883046616890274
-4.863988031858441
-4.832177548559139
-4.787972458963134
-4.731872422511739
-4.664513710579018
-4.5866618772911245
-4.499202941128587
-4.403133178890936
-4.299547649588846
-4.189627580457622
-4.074626760394076
-3.9558570975521037
-3.834673507460491
-3.7124583057382567
-3.5906052851893873
-3.470503660694565
-3.3535220668402568
-3.2409927926180657
-3.134196434796773
-3.0343471467455463
-2.9425786526297886
-2.859931188082647
-2.78733951778423
-2.725622167975221
-2.6754719979366226
-2.637448219043733
-2.611969953327662
-2.599311405743963
-2.5995987057595222
-2.6128084546397785
-2.6387679951701575
-2.6771574007049157
-2.7275131606311733
-2.789233519795007
-2.8615854103841594
-2.943712896418346
-3.034647033574177
-3.133317030768418
-3.2385625849281356
-3.3491472468622985
-3.4637726642719846
-3.581093537832524
-3.6997331180670177
-3.818299064500797
-3.935399484414569
-4.049658966442952
-4.159734424326721
-4.264330568312572
-4.362214825983897
-4.452231540647939
-4.533315283726728
-4.604503127804997
-4.664945738960581
-4.7139171606036445
-4.75082317612371
-4.775208154014195
-4.786760296625069
-4.785315232082298
-4.770857907998725
-4.743522765162402
-4.703592189201644
-4.651493258062239
-4.5877928227629585
-4.513190978094635
-4.4285129984744565
-4.334699831847236
-4.232797261135259
-4.123943858087417
-4.009357868287636
-3.89032317839658
-3.7681745272705927
-3.6442821313128064
-3.5200359011584967
-3.3968294315042766
-3.276043948503908
-3.1590323996422804
-3.047103869357935
-2.941508499932116
-2.8434230913421237
-2.7539375459559934
-2.6740423142126897
-2.6046169859032977
-2.5464201584706343
-2.5000806990356357
-2.466090500804121
-2.4447988172935577
-2.436408239644468
-2.440972363354235
-2.458395171310407
-2.488432140230423
-2.5306930577625764
-2.5846465177975935
-2.649626042209252
-2.724837758506598
-2.8093695449584524
-2.9022015378464667
-3.0022178798126182
-3.1082195739707488
-3.2189382957143433
-3.333051003120909
-3.449195177654238
-3.5659845196053723
-3.6820249174749264
-3.7959305073434986
-3.906339637241565
-4.011930552622409
-4.111436622256491
-4.203660929158256
-4.287490058471051
-4.361906923486161
-4.426002482051687
-4.478986208408812
-4.520195199829283
-4.549101813153824
-4.565319743265468
-4.568608473479134
-4.558876046583156
-4.536180124612619
-4.500727325147035
-4.452870841777525
-4.3931063761536295
-4.322066428468857
-4.240513012153475
-4.149328876694718
-4.049507339689618
-3.9421408452561013
-3.8284083805990496
-3.709561895681569
-3.586911882433742
-3.4618122796145845
-3.3356448772087215
-3.2098034000055233
-3.085677453703426
-2.9646365184659134
-2.848014174309013
-2.737092740029618
-2.633088502620423
-2.5371377073152708
-2.450283469647034
-2.373463760279292
-2.3075006010159758
-2.2530905964406402
-2.2107969102531855
-2.181042778728747
-2.1641066360181735
-2.160118907442177
-2.169060507717508
-2.190763061414274
-2.2249108431048765
-2.2710444148558158
-2.328565919161729
-2.396745966351835
-2.4747320371318025
-2.5615583034719465
-2.6561567547131038
-2.757369500728049
-2.863962110416869
-2.9746378318888107
-3.0880525305269426
-3.202830172862486
-3.317578677898537
-3.430905953290153
-3.5414359316584356
-3.647824422314701
-3.748774595796836
-3.8430519228506963
-3.929498395771776
-4.007045868290943
-4.074728360340368
-4.131693185959907
-4.1772107761603925
-4.210683083593298
-4.231650472212548
-4.23979701256573
-4.234954121717695
-4.217102505877947
-4.1863723833544615
-4.143041985265642
-4.087534351280973
-4.020412457300446
-3.9423727311975916
-3.8542370313188434
-3.7569431801397535
-3.651534162121815
-3.539146110200852
-3.420995219291823
-3.298363737554735
-3.172585196789549
-3.0450290520930814
-2.917084907714282
-2.790146510813065
-2.6655956974993478
-2.5447864760797523
-2.429029430858672
-2.31957662614786
-2.217607184376768
-2.124213704430829
-2.040389676666254
-1.9670180395689838
-1.904861009874813
-1.854551303298711
-1.816584847002184
-1.791315067745145
-1.7789488215171068
-1.7795440115349295
-1.7930089220455798
-1.8191032756078946
-1.857441001674392
-1.9074946845815974
-1.9686016397119495
-2.039971547835417
-2.120695559690102
-2.209756765924907
-2.3060419118007274
-2.4083542217063054
-2.515427185762591
-2.62593914970603
-2.738528539988469
-2.8518095487141872
-2.9643880977377384
-3.0748778980304436
-3.1819164193261322
-3.284180586090136
-3.380402019008104
-3.46938164642613
-3.5500035174322413
-3.6212476574639503
-3.68220181835759
-3.732071987489131
-3.770191534950608
-3.7960288933949986
-3.8091936820845196
-3.809441204598886
-3.7966752683939404
-3.7709492937318365
-3.7324656992089484
-3.681573570959672
-3.618764642384604
-3.544667630713298
-3.4600409956390887
-3.3657642034400306
-3.2628275972154976
-3.152320989924091
-3.0354211116208774
-2.913378055490461
-2.7875008788053797
-2.6591425246739044
-2.5296842382650406
-2.400519657021816
-2.2730387581296436
-2.1486118481495384
-2.0285737792424547
-1.9142085737987602
-1.8067346345835782
-1.7072907107638202
-1.6169227814756326
-1.5365720080217369
-1.4670638934785891
-1.4090987745848194
-1.3632437554359342
-1.329926175901804
-1.3094286900049612
-1.3018860109521642
-1.3072833603138456
-1.3254566392151947
-1.3560943195670607
-1.3987410335513428
-1.4528028200131955
-1.5175539673263843
-1.592145373908032
-1.6756143300772053
-1.7668956085790783
-1.8648337360218747
-1.968196303870268
-2.075688165665492
-2.18596635693171
-2.297655565905625
-2.4093639768800816
-2.519699303660592
-2.6272848284438535
-2.730775261364678
-2.828872238023679
-2.92033927647809
-3.004016021404617
-3.0788316113543894
-3.1438170151210434
-3.1981161951186223
-3.2409959691763817
-3.2718544571521466
-3.290228015066494
-3.2957965768829127
-3.288387342401289
-3.2679767687835968
-3.2346908427711463
-3.188803630457703
-3.1307341213237416
-3.0610414028857686
-2.980418221544484
-2.8896830038046164
-2.789770429775399
-2.6817206675360206
-2.5666673923766252
-2.4458247289224735
-2.3204732665561485
-2.1919453092276284
-2.061609529561132
-1.930855204029585
-1.8010762107934022
-1.6736549745339186
-1.549946543222995
-1.4312629802491277
-1.3188582516899894
-1.2139137828154478
-1.117524850197622
-1.0306879661784465
-0.9542894010144116
-0.889094974913019
-0.8357412375474749
-0.7947281366537615
-0.7664132601611309
-0.7510077181815789
-0.7485737122940401
-0.7590238201229378
-0.7821220034521141
-0.8174863282615905
-0.8645933653546847
-0.9227842208842869
-0.9912721273120141
-1.0691515073591749
-1.1554084065410568
-1.248932174110991
-1.3485282578602984
-1.4529319653895323
-1.5608230333331892
-1.6708408367143672
-1.7816000632301598
-1.8917066719148745
-1.9997739523513383
-2.1044384994426384
-2.204375919729238
-2.298316088328901
-2.385057780753055
-2.463482511054303
-2.5325674169020163
-2.5913970431615234
-2.6391738882406344
-2.675227591718972
-2.699022657427208
-2.7101646230127194
-2.708404604924264
-2.6936421664612933
-2.66592647585067
-2.625455741010656
-2.572574927513254
-2.5077717860318853
-2.431671235034644
-2.345028163429384
-2.248718736067752
-2.1437303022610776
-2.0311500235523487
-1.9121523517429653
-1.7879855014154562
-1.6599570727768664
-1.5294189904345643
-1.3977519315963154
-1.2663494230677113
-1.1366017902352474
-1.009880142928291
-0.8875205826284954
-0.7708088129452209
-0.6609653306308662
-0.5591313677214266
-0.4663557467372592
-0.3835828003595637
-0.31164149473725167
-0.2512358817139573
-0.202936989956904
-0.1671762483945327
-0.1442405177189341
-0.1342687871857866
-0.13725057476156932
-0.15302604904700434
-0.1812878715721502
-0.2215847382417402
-0.27332657913630776
-0.3357913567721149
-0.4081333845100561
-0.4893930692929065
-0.5785079664833388
-0.6743250194608645
-0.775613842988627
-0.8810808973374664
-0.9893843898941698
-1.0991497326007953
-1.2089853771688408
-1.317498845661862
-1.4233127717872276
-1.5250807681167875
-1.6215029364599047
-1.7113408427233623
-1.7934317837611662
-1.8667021818730511
-1.9301799526589594
-1.9830057037630158
-2.0244426355074925
-2.053885029370331
-2.0708652265265624
-2.0750590160672697
-2.0662893708283003
-2.044528487795642
-2.0098981095836717
-1.9626681232831253
-1.9032534528188703
-1.8322092806146038
-1.7502246536066686
-1.6581145472599372
-1.556810479001106
-1.4473497791942522
-1.3308636432475476
-1.2085641024794134
-1.081730063829018
-0.9516925792203331
-0.8198195142636893
-0.6874997928976395
-0.5561273994585573
-0.42708532245982767
-0.3017296250338231
-0.1813738255308035
-0.06727376819629338
0.039386841797063754
0.13751007233935741
0.22609641034446304
0.3042562740111755
0.37122025877434883
0.42634799892149
0.4691355427971523
0.49922115663930766
0.516389490192773
0.5205740561156067
0.5118579946178597
0.49047311452486997
0.4567972218110762
0.41134976637744847
0.3547858572173678
0.28788871491139734
0.21156064839098598
0.12681265991095403
0.034752797972023575
-0.06342660764269892
-0.16646268167633688
-0.27303655182787473
-0.3817885422178302
-0.4913338368749897
-0.6002784328148643
-0.7072351989448107
-0.81083985581124
-0.9097666921176106
-1.0027438369716553
-1.0885679119403087
-1.166117894133409
-1.2343680306259364
-1.2923996554563317
-1.3394117730795583
-1.3747302863631292
-1.3978157628278263
-1.4082696496730014
-1.4058388659949081
-1.390418719299903
-1.362054112716824
-1.3209390290025302
-1.2674142972844433
-1.2019636682651176
-1.1252082430990569
-1.037899320115957
-0.9409097417897841
-0.8352238416287764
-0.7219261067891571
-0.6021886870090091
-0.4772578937481891
-0.34843984505227676
-0.21708542149799992
-0.0845747065152801
0.04769890968153967
0.17834477944441746
0.3059910154503953
0.42930029235817313
0.5469852503416436
0.6578233230655286
0.7606708192982174
0.8544760959541969
0.9382916708246473
1.0112851354681276
1.0727487425552653
1.1221075572291395
1.1589260785855076
1.1829132549992858
1.1939258355251816
1.1919700187674023
1.1772013802249506
1.1499230789494683
1.1105823641732313
1.059765422147949
0.99819062255402
0.9267002422758288
0.8462507618772019
0.7579018465535919
0.66280413849009
0.5621860012464654
0.4573393688620153
0.34960486268581265
0.24035634737314668
0.13098510394910015
0.022883802251491947
-0.08256954262385252
-0.18402744506818974
-0.2801884720321121
-0.3698122356141064
-0.45173368246293566
-0.5248765153937616
-0.5882655926126426
-0.6410381617215467
-0.6824537990981893
-0.7119029401580638
-0.7289139022375672
-0.733158319201011
-0.7244549251696814
-0.7027716437877403
-0.6682259589586359
-0.6210835627812277
-0.5617552962603829
-0.4907924180321962
-0.4088802556038814
-0.3168303122402918
-0.21557092041873083
-0.1061365495157065
0.010344109108444632
0.13266114237799653
0.2595373513719709
0.38964296226725237
0.5216109428976082
0.6540527484964738
0.7855743152454997
0.9147921173984945
1.040349103016804
0	1	2048
2	4096	450000000.000000
4.500000	0
12000000.000000	250000.000000	7750000.000000
-2.000000	-3.000000	-6.000000
0.000000	0.400000	0.500000
3
SINE	SINE
8192
0.000000	250000.000000	7750000.000000
0.000000	-3.000000	-6.000000
0.000000	0.400000	0.500000
